A 70 71 72 73 74
A 74 75 76 77 78
A 136 137 138 139 140
A 158 159 160 161 162
A 185 186 187 188 189
A 257 258 259 260 261
A 269 270 271 272 273
A 322 323 324 325 326
A 435 436 437 438 439
A 448 449 450 451 452
A 452 453 454 455 456
A 466 467 468 469 470
A 467 468 469 470 471
A 470 471 472 473 474
A 488 489 490 491 492
A 515 516 517 518 519
A 576 577 578 579 580
A 626 627 628 629 630
A 665 666 667 668 669
A 674 675 676 677 678
A 682 683 684 685 686
A 701 702 703 704 705
A 703 704 705 706 707
A 704 705 706 707 708
A 730 731 732 733 734
A 735 736 737 738 739
A 737 738 739 740 741
A 864 865 866 867 868
A 1019 1020 1021 1022 1023
A 1046 1047 1048 1049 1050
B 1602 1603 1604 1605 1606
B 1725 1726 1727 1728 1729
B 1754 1755 1756 1757 1758
B 1774 1775 1776 1777 1778
B 1871 1872 1873 1874 1875
C 2070 2071 2072 2073 2074
C 2074 2075 2076 2077 2078
C 2158 2159 2160 2161 2162
C 2187 2188 2189 2190 2191
C 2243 2244 2245 2246 2247
C 2257 2258 2259 2260 2261
C 2435 2436 2437 2438 2439
C 2440 2441 2442 2443 2444
C 2581 2582 2583 2584 2585
C 2667 2668 2669 2670 2671
C 2668 2669 2670 2671 2672
C 2678 2679 2680 2681 2682
C 2681 2682 2683 2684 2685
C 2701 2702 2703 2704 2705
C 2704 2705 2706 2707 2708
C 2731 2732 2733 2734 2735
C 2732 2733 2734 2735 2736
C 2735 2736 2737 2738 2739
C 2737 2738 2739 2740 2741
C 2809 2810 2811 2812 2813
C 2873 2874 2875 2876 2877
C 2874 2875 2876 2877 2878
C 2923 2924 2925 2926 2927
C 2927 2928 2929 2930 2931
C 2953 2954 2955 2956 2957
C 2962 2963 2964 2965 2966
C 3000 3001 3002 3003 3004
C 3021 3022 3023 3024 3025
C 3044 3045 3046 3047 3048
D 3602 3603 3604 3605 3606
D 3703 3704 3705 3706 3707
D 3725 3726 3727 3728 3729
D 3872 3873 3874 3875 3876
E 4029 4030 4031 4032 4033
E 4070 4071 4072 4073 4074
E 4074 4075 4076 4077 4078
E 4119 4120 4121 4122 4123
E 4131 4132 4133 4134 4135
E 4158 4159 4160 4161 4162
E 4258 4259 4260 4261 4262
E 4420 4421 4422 4423 4424
E 4435 4436 4437 4438 4439
E 4510 4511 4512 4513 4514
E 4516 4517 4518 4519 4520
E 4665 4666 4667 4668 4669
E 4674 4675 4676 4677 4678
E 4678 4679 4680 4681 4682
E 4698 4699 4700 4701 4702
E 4700 4701 4702 4703 4704
E 4701 4702 4703 4704 4705
E 4704 4705 4706 4707 4708
E 4730 4731 4732 4733 4734
E 4731 4732 4733 4734 4735
E 4735 4736 4737 4738 4739
E 4737 4738 4739 4740 4741
E 4808 4809 4810 4811 4812
E 4874 4875 4876 4877 4878
E 4963 4964 4965 4966 4967
E 4974 4975 4976 4977 4978
E 4981 4982 4983 4984 4985
E 5000 5001 5002 5003 5004
E 5001 5002 5003 5004 5005
E 5044 5045 5046 5047 5048
F 5639 5640 5641 5642 5643
F 5755 5756 5757 5758 5759
F 5770 5771 5772 5773 5774
F 5875 5876 5877 5878 5879
G 6070 6071 6072 6073 6074
G 6074 6075 6076 6077 6078
G 6098 6099 6100 6101 6102
G 6119 6120 6121 6122 6123
G 6128 6129 6130 6131 6132
G 6158 6159 6160 6161 6162
G 6243 6244 6245 6246 6247
G 6289 6290 6291 6292 6293
G 6448 6449 6450 6451 6452
G 6466 6467 6468 6469 6470
G 6470 6471 6472 6473 6474
G 6476 6477 6478 6479 6480
G 6488 6489 6490 6491 6492
G 6515 6516 6517 6518 6519
G 6583 6584 6585 6586 6587
G 6626 6627 6628 6629 6630
G 6667 6668 6669 6670 6671
G 6674 6675 6676 6677 6678
G 6678 6679 6680 6681 6682
G 6681 6682 6683 6684 6685
G 6701 6702 6703 6704 6705
G 6730 6731 6732 6733 6734
G 6735 6736 6737 6738 6739
G 6808 6809 6810 6811 6812
G 6853 6854 6855 6856 6857
G 6864 6865 6866 6867 6868
G 6866 6867 6868 6869 6870
G 6923 6924 6925 6926 6927
G 6962 6963 6964 6965 6966
G 6963 6964 6965 6966 6967
G 7000 7001 7002 7003 7004
G 7003 7004 7005 7006 7007
G 7044 7045 7046 7047 7048
G 7048 7049 7050 7051 7052
G 7064 7065 7066 7067 7068
G 7067 7068 7069 7070 7071
H 7640 7641 7642 7643 7644
H 7754 7755 7756 7757 7758
H 7770 7771 7772 7773 7774
H 7873 7874 7875 7876 7877
