A 128 129 130 131 132
A 128 129 130 131 132
A 184 185 186 187 188
A 459 460 461 462 463
A 459 460 461 462 463
A 485 486 487 488 489
A 609 610 611 612 613
A 609 610 611 612 613
A 674 675 676 677 678
A 674 675 676 677 678
B 1545 1546 1547 1548 1549
B 1545 1546 1547 1548 1549
B 1591 1592 1593 1594 1595
B 1799 1800 1801 1802 1803
B 1799 1800 1801 1802 1803
C 2128 2129 2130 2131 2132
C 2128 2129 2130 2131 2132
C 2184 2185 2186 2187 2188
C 2223 2224 2225 2226 2227
C 2223 2224 2225 2226 2227
C 2289 2290 2291 2292 2293
C 2417 2418 2419 2420 2421
C 2417 2418 2419 2420 2421
C 2459 2460 2461 2462 2463
C 2459 2460 2461 2462 2463
C 2485 2486 2487 2488 2489
C 2609 2610 2611 2612 2613
C 2609 2610 2611 2612 2613
C 2674 2675 2676 2677 2678
C 2730 2731 2732 2733 2734
C 2730 2731 2732 2733 2734
D 3545 3546 3547 3548 3549
D 3545 3546 3547 3548 3549
D 3566 3567 3568 3569 3570
D 3591 3592 3593 3594 3595
D 3597 3598 3599 3600 3601
D 3799 3800 3801 3802 3803
D 3799 3800 3801 3802 3803
E 4223 4224 4225 4226 4227
E 4223 4224 4225 4226 4227
E 4289 4290 4291 4292 4293
E 4459 4460 4461 4462 4463
E 4459 4460 4461 4462 4463
E 4485 4486 4487 4488 4489
E 4674 4675 4676 4677 4678
E 4674 4675 4676 4677 4678
E 4730 4731 4732 4733 4734
E 4730 4731 4732 4733 4734
F 5591 5592 5593 5594 5595
F 5799 5800 5801 5802 5803
F 5799 5800 5801 5802 5803
G 6128 6129 6130 6131 6132
G 6128 6129 6130 6131 6132
G 6223 6224 6225 6226 6227
G 6223 6224 6225 6226 6227
G 6459 6460 6461 6462 6463
G 6459 6460 6461 6462 6463
G 6485 6486 6487 6488 6489
G 6609 6610 6611 6612 6613
G 6609 6610 6611 6612 6613
G 6674 6675 6676 6677 6678
G 6730 6731 6732 6733 6734
G 6730 6731 6732 6733 6734
H 7591 7592 7593 7594 7595
